X[0] = 1.000000 
X[1] = 2.000000 
X[2] = 3.000000 
X[3] = 4.000000 
X[4] = 5.000000 
X[5] = 6.000000 
X[6] = 7.000000 
X[7] = 8.000000 
X[8] = 9.000000 
X[9] = 10.000000 
